# Mapping table from ISO 8859-2 to Kamenicky (CP895)
128 32
129 32
130 32
131 32
132 32
133 32
134 32
135 32
136 32
137 32
138 32
139 32
140 32
141 32
142 32
143 32
144 32
145 32
146 32
147 32
148 32
149 32
150 32
151 32
152 32
153 32
154 32
155 32
156 32
157 32
158 32
159 32
160 32
161 65
162 243
163 76
164 111
165 138
166 83
167 64
168 249
169 155
170 83
171 134
172 90
173 45
174 146
175 90
176 248
177 97
178 249
179 108
180 44
181 141
182 115
183 248
184 249
185 168
186 115
187 159
188 122
189 126
190 145
191 122
192 171
193 143
194 65
195 65
196 142
197 156
198 67
199 67
200 128
201 144
202 69
203 69
204 137
205 139
206 73
207 133
208 68
209 78
210 165
211 149
212 79
213 79
214 153
215 250
216 158
217 166
218 151
219 85
220 154
221 157
222 84
223 225
224 170
225 160
226 131
227 97
228 132
229 140
230 99
231 99
232 135
233 130
234 101
235 137
236 136
237 161
238 140
239 131
240 100
241 110
242 164
243 162
244 147
245 139
246 148
247 246
248 169
249 150
250 163
251 117
252 129
253 152
254 116
